data: [[ 78.02734375  75.48828125  75.87890625 ... -21.875      -15.4296875
   -3.515625  ]
 [113.0859375  115.234375   118.9453125  ...  18.45703125  21.6796875
   23.6328125 ]
 [-63.28125    -68.65234375 -68.1640625  ... -43.75       -51.66015625
  -45.41015625]
 ...
 [ 32.2265625   33.59375     41.89453125 ... -12.98828125 -11.328125
   -7.2265625 ]
 [ 57.91015625  63.0859375   54.19921875 ... -13.28125    -15.4296875
  -10.546875  ]
 [ 59.375       65.625       58.88671875 ...  -4.98046875  -2.24609375
    2.44140625]]
fs: 512.0
ICA: [[ 3.11404853e-08  3.29129569e-08  3.42341335e-08 ...  1.03176971e-08
   5.39556870e-09 -6.37315403e-09]
 [ 1.49194628e-07  1.94881540e-07  2.22737063e-07 ... -7.63148109e-08
  -6.93068274e-08 -5.19185990e-08]
 [ 2.35695300e-07  2.38046100e-07  1.76348873e-07 ...  2.93996440e-07
   2.40160526e-07  1.28828355e-07]
 ...
 [ 5.97590768e-08 -2.24691104e-06 -3.01955351e-06 ...  1.07589837e-05
   8.11277349e-06  3.41415880e-06]
 [ 6.66087637e-07  3.37328961e-06  5.59761810e-06 ... -1.08967961e-07
  -2.99697594e-07 -1.21134427e-06]
 [ 2.41611566e+11 -9.22916429e+10  2.23863835e+10 ...  1.04037812e+08
   1.45891909e+08 -1.85577732e+06]]
